interpretation( 5, [number = 1,seconds = 0], [
    function(Girl1, [0]),
    function(Girl2, [1]),
    function(Girl3, [2]),
    function(Girl4, [3]),
    function(Girl5, [4]),
    relation(Age24(_), [0,0,1,0,0]),
    relation(Age26(_), [0,1,0,0,0]),
    relation(Age28(_), [0,0,0,1,0]),
    relation(Age30(_), [1,0,0,0,0]),
    relation(Age32(_), [0,0,0,0,1]),
    relation(Ana(_), [0,0,0,1,0]),
    relation(Biologist(_), [0,0,0,0,1]),
    relation(Blue(_), [0,0,0,1,0]),
    relation(China(_), [0,1,0,0,0]),
    relation(Days10(_), [0,0,0,0,1]),
    relation(Days15(_), [0,1,0,0,0]),
    relation(Days20(_), [0,0,1,0,0]),
    relation(Days25(_), [1,0,0,0,0]),
    relation(Days5(_), [0,0,0,1,0]),
    relation(Egipt(_), [0,0,0,0,1]),
    relation(Glenda(_), [0,0,0,0,1]),
    relation(Green(_), [0,0,1,0,0]),
    relation(Hostess(_), [0,1,0,0,0]),
    relation(Italy(_), [0,0,0,1,0]),
    relation(Jessie(_), [0,1,0,0,0]),
    relation(Judge(_), [1,0,0,0,0]),
    relation(Lara(_), [1,0,0,0,0]),
    relation(Mexico(_), [0,0,1,0,0]),
    relation(Nurse(_), [0,0,0,1,0]),
    relation(Peru(_), [1,0,0,0,0]),
    relation(Red(_), [1,0,0,0,0]),
    relation(Rose(_), [0,0,1,0,0]),
    relation(Singer(_), [0,0,1,0,0]),
    relation(White(_), [0,1,0,0,0]),
    relation(Yellow(_), [0,0,0,0,1]),
    relation(after(_,_), [
        0,1,1,1,1,
        0,0,1,1,1,
        0,0,0,1,1,
        0,0,0,0,1,
        0,0,0,0,0]),
    relation(differentFrom(_,_), [
        0,1,1,1,1,
        1,0,1,1,1,
        1,1,0,1,1,
        1,1,1,0,1,
        1,1,1,1,0]),
    relation(leftneighbor(_,_), [
        0,1,0,0,0,
        0,0,1,0,0,
        0,0,0,1,0,
        0,0,0,0,1,
        0,0,0,0,0]),
    relation(between(_,_,_), [0,0,0,0,0,0,0,0,1,0,0,0,0,1,0,0,0,0,0,1,0,0,0,0,0,0,0,0,0,0,0,0,0,0,0,0,0,0,0,0,0,0,0,0,0,0,0,0,0,0,0,0,0,0,0,0,0,0,0,0,0,0,0,0,0,0,0,0,0,0,0,0,0,0,0,0,0,0,0,0,0,0,0,0,0,0,0,0,0,0,0,0,0,0,0,0,0,0,0,0,0,0,0,0,0,0,0,0,0,0,0,0,0,0,0,0,0,0,0,0,0,0,0,0,0]),
    relation(between2(_,_,_), [0,0,0,0,0,0,0,0,0,0,0,0,0,0,0,0,0,0,0,0,0,0,0,0,0,0,0,0,0,0,0,0,0,0,0,0,0,0,0,0,0,0,0,0,0,0,0,0,0,0,0,0,0,0,0,0,0,0,0,0,0,0,0,0,0,0,0,0,0,0,0,0,0,0,0,0,0,0,0,0,0,0,0,0,0,0,0,0,0,0,0,0,0,0,0,0,0,0,0,0,0,0,0,0,0,0,0,0,0,0,0,0,0,0,0,0,0,0,0,0,0,0,0,0,0])]).
